0,390
0,389
0,387
0,386
35,28
0,385
35,27
0,384
34,11
0,575
0,574
35,26
0,573
0,572
0,571
35,25
0,570
35,24
34,10
35,23
35,22
35,21
35,20
0,521
39,35
10,272
10,151
35,10
35,9
35,8
35,7
10,15
35,6
35,5
35,3
35,1
34,5
34,4
34,3
10,236
10,12
10,218
10,308
10,2
10,3
34,1
33,100
33,99
33,98
33,97
33,96
33,95
11,17
11,19
11,26
33,94
33,93
33,92
33,91
11,11
33,90
33,89
33,88
11,18
11,12
11,2
11,3
33,87
33,86
33,85
33,84
33,77
33,76
33,75
33,74
33,73
33,72
33,71
9,7
33,70
33,69
33,68
33,67
9,2
9,3
33,66
8,16
33,65
8,11
8,12
8,5
33,64
33,37
33,36
8,18
8,2
8,3
33,35
33,34
33,33
33,32
33,31
33,30
33,29
33,28
33,27
33,26
12,2
33,25
33,24
12,1
33,23
33,22
33,21
33,20
33,19
33,18
33,17
33,16
33,15
12,3
33,14
33,13
33,12
33,11
33,10
33,5
33,4
33,3
33,1
33,0
31,5
31,4
31,3
31,1
30,5
30,4
30,3
30,1
29,4
29,3
